A A 65 101 65 101 65 101 65 101
Æ AE 225 341 174 256 198 306 198 306
Á Aacute — — 231 347 193 301 193 301
Â Acircumflex — — 229 345 194 302 194 302
Ä Adieresis — — 128 200 196 304 196 304
À Agrave — — 203 313 192 300 192 300
Å Aring — — 129 201 197 305 197 305
Ã Atilde — — 204 314 195 303 195 303
B B 66 102 66 102 66 102 66 102
C C 67 103 67 103 67 103 67 103
Ç Ccedilla — — 130 202 199 307 199 307
D D 68 104 68 104 68 104 68 104
E E 69 105 69 105 69 105 69 105
É Eacute — — 131 203 201 311 201 311
Ê Ecircumflex — — 230 346 202 312 202 312
Ë Edieresis — — 232 350 203 313 203 313
È Egrave — — 233 351 200 310 200 310
? Eth — — — — 208 320 208 320
F F 70 106 70 106 70 106 70 106
G G 71 107 71 107 71 107 71 107
H H 72 110 72 110 72 110 72 110
I I 73 111 73 111 73 111 73 111
Í Iacute — — 234 352 205 315 205 315
Î Icircumflex — — 235 353 206 316 206 316
Ï Idieresis — — 236 354 207 317 207 317
Ì Igrave — — 237 355 204 314 204 314
J J 74 112 74 112 74 112 74 112
K K 75 113 75 113 75 113 75 113
L L 76 114 76 114 76 114 76 114
? Lslash 232 350 — — — — 149 225
M M 77 115 77 115 77 115 77 115
N N 78 116 78 116 78 116 78 116
Ñ Ntilde — — 132 204 209 321 209 321
O O 79 117 79 117 79 117 79 117
Œ OE 234 352 206 316 140 214 150 226
Ó Oacute — — 238 356 211 323 211 323
Ô Ocircumflex — — 239 357 212 324 212 324
Ö Odieresis — — 133 205 214 326 214 326
Ò Ograve — — 241 361 210 322 210 322
Ø Oslash 233 351 175 257 216 330 216 330
Õ Otilde — — 205 315 213 325 213 325
P P 80 120 80 120 80 120 80 120
Q Q 81 121 81 121 81 121 81 121
R R 82 122 82 122 82 122 82 122
S S 83 123 83 123 83 123 83 123
? Scaron — — — — 138 212 151 227
T T 84 124 84 124 84 124 84 124
? Thorn — — — — 222 336 222 336
U U 85 125 85 125 85 125 85 125
Ú Uacute — — 242 362 218 332 218 332
Û Ucircumflex — — 243 363 219 333 219 333
Ü Udieresis — — 134 206 220 334 220 334
Ù Ugrave — — 244 364 217 331 217 331
V V 86 126 86 126 86 126 86 126
W W 87 127 87 127 87 127 87 127
X X 88 130 88 130 88 130 88 130
Y Y 89 131 89 131 89 131 89 131
? Yacute — — — — 221 335 221 335
Ÿ Ydieresis — — 217 331 159 237 152 230
Z Z 90 132 90 132 90 132 90 132
? Zcaron — — — — — — 153 231
a a 97 141 97 141 97 141 97 141
á aacute — — 135 207 225 341 225 341
â acircumflex — — 137 211 226 342 226 342
́ acute 194 302 171 253 180 264 180 264
ä adieresis — — 138 212 228 344 228 344
æ ae 241 361 190 276 230 346 230 346
à agrave — — 136 210 224 340 224 340
& ampersand 38 46 38 46 38 46 38 46
å aring — — 140 214 229 345 229 345
^ asciicircum 94 136 94 136 94 136 94 136
~ asciitilde 126 176 126 176 126 176 126 176
* asterisk 42 52 42 52 42 52 42 52
@ at 64 100 64 100 64 100 64 100
ã atilde — — 139 213 227 343 227 343
b b 98 142 98 142 98 142 98 142
\ backslash 92 134 92 134 92 134 92 134
| bar 124 174 124 174 124 174 124 174
{ braceleft 123 173 123 173 123 173 123 173
} braceright 125 175 125 175 125 175 125 175
[ bracketleft 91 133 91 133 91 133 91 133
] bracketright 93 135 93 135 93 135 93 135
̆ breve 198 306 249 371 — — 24 30
? brokenbar — — — — 166 246 166 246
• bullet 183 267 165 245 149 225 128 200
c c 99 143 99 143 99 143 99 143
ˇ caron 207 317 255 377 — — 25 31
ç ccedilla — — 141 215 231 347 231 347
̧ cedilla 203 313 252 374 184 270 184 270
¢ cent 162 242 162 242 162 242 162 242
ˆ circumflex 195 303 246 366 136 210 26 32
: colon 58 72 58 72 58 72 58 72
, comma 44 54 44 54 44 54 44 54
© copyright — — 169 251 169 251 169 251
¤ currency 168 250 219 333 164 244 164 244
d d 100 144 100 144 100 144 100 144
† dagger 178 262 160 240 134 206 129 201
‡ daggerdbl 179 263 224 340 135 207 130 202
° degree — — 161 241 176 260 176 260
̈ dieresis 200 310 172 254 168 250 168 250
÷ divide — — 214 326 247 367 247 367
$ dollar 36 44 36 44 36 44 36 44
̇ dotaccent 199 307 250 372 — — 27 33
ı dotlessi 245 365 245 365 — — 154 232
e e 101 145 101 145 101 145 101 145
é eacute — — 142 216 233 351 233 351
ê ecircumflex — — 144 220 234 352 234 352
ë edieresis — — 145 221 235 353 235 353
è egrave — — 143 217 232 350 232 350
8 eight 56 70 56 70 56 70 56 70
? ellipsis 188 274 201 311 133 205 131 203
— emdash 208 320 209 321 151 227 132 204
– endash 177 261 208 320 150 226 133 205
= equal 61 75 61 75 61 75 61 75
? eth — — — — 240 360 240 360
! exclam 33 41 33 41 33 41 33 41
¡ exclamdown 161 241 193 301 161 241 161 241
f f 102 146 102 146 102 146 102 146
? fi 174 256 222 336 — — 147 223
5 five 53 65 53 65 53 65 53 65
? fl 175 257 223 337 — — 148 224
ƒ florin 166 246 196 304 131 203 134 206
4 four 52 64 52 64 52 64 52 64
⁄ fraction 164 244 218 332 — — 135 207
g g 103 147 103 147 103 147 103 147
? germandbls 251 373 167 247 223 337 223 337
` grave 193 301 96 140 96 140 96 140
> greater 62 76 62 76 62 76 62 76
« guillemotleft 171 253 199 307 171 253 171 253
» guillemotright 187 273 200 310 187 273 187 273
‹ guilsinglleft 172 254 220 334 139 213 136 210
› guilsinglright 173 255 221 335 155 233 137 211
h h 104 150 104 150 104 150 104 150
̋ hungarumlaut 205 315 253 375 — — 28 34
- hyphen 45 55 45 55 45 55 45 55
i i 105 151 105 151 105 151 105 151
í iacute — — 146 222 237 355 237 355
î icircumflex — — 148 224 238 356 238 356
ï idieresis — — 149 225 239 357 239 357
ì igrave — — 147 223 236 354 236 354
j j 106 152 106 152 106 152 106 152
k k 107 153 107 153 107 153 107 153
l l 108 154 108 154 108 154 108 154
< less 60 74 60 74 60 74 60 74
¬ logicalnot — — 194 302 172 254 172 254
? lslash 248 370 — — — — 155 233
m m 109 155 109 155 109 155 109 155
̄ macron 197 305 248 370 175 257 175 257
? minus — — — — — — 138 212
μ mu — — 181 265 181 265 181 265
∏ multiply — — — — 215 327 215 327
n n 110 156 110 156 110 156 110 156
9 nine 57 71 57 71 57 71 57 71
ñ ntilde — — 150 226 241 361 241 361
# numbersign 35 43 35 43 35 43 35 43
o o 111 157 111 157 111 157 111 157
ó oacute — — 151 227 243 363 243 363
ô ocircumflex — — 153 231 244 364 244 364
ö odieresis — — 154 232 246 366 246 366
œ oe 250 372 207 317 156 234 156 234
̨ ogonek 206 316 254 376 — — 29 35
ò ograve — — 152 230 242 362 242 362
1 one 49 61 49 61 49 61 49 61
? onehalf — — — — 189 275 189 275
? onequarter — — — — 188 274 188 274
? onesuperior — — — — 185 271 185 271
a ordfeminine 227 343 187 273 170 252 170 252
o ordmasculine 235 353 188 274 186 272 186 272
ø oslash 249 371 191 277 248 370 248 370
õ otilde — — 155 233 245 365 245 365
p p 112 160 112 160 112 160 112 160
¶ paragraph 182 266 166 246 182 266 182 266
( parenleft 40 50 40 50 40 50 40 50
) parenright 41 51 41 51 41 51 41 51
% percent 37 45 37 45 37 45 37 45
. period 46 56 46 56 46 56 46 56
· periodcentered 180 264 225 341 183 267 183 267
‰ perthousand 189 275 228 344 137 211 139 213
+ plus 43 53 43 53 43 53 43 53
± plusminus — — 177 261 177 261 177 261
q q 113 161 113 161 113 161 113 161
? question 63 77 63 77 63 77 63 77
¿ questiondown 191 277 192 300 191 277 191 277
" quotedbl 34 42 34 42 34 42 34 42
„ quotedblbase 185 271 227 343 132 204 140 214
“ quotedblleft 170 252 210 322 147 223 141 215
” quotedblright 186 272 211 323 148 224 142 216
‘ quoteleft 96 140 212 324 145 221 143 217
’ quoteright 39 47 213 325 146 222 144 220
‚ quotesinglbase 184 270 226 342 130 202 145 221
’ quotesingle 169 251 39 47 39 47 39 47
r r 114 162 114 162 114 162 114 162
® registered — — 168 250 174 256 174 256
̊ ring 202 312 251 373 176 260 30 36
s s 115 163 115 163 115 163 115 163
? scaron — — — — 154 232 157 235
§ section 167 247 164 244 167 247 167 247
; semicolon 59 73 59 73 59 73 59 73
7 seven 55 67 55 67 55 67 55 67
6 six 54 66 54 66 54 66 54 66
/ slash 47 57 47 57 47 57 47 57
? space 32 40 32 40 32 40 32 40
£ sterling 163 243 163 243 163 243 163 243
t t 116 164 116 164 116 164 116 164
? thorn — — — — 254 376 254 376
3 three 51 63 51 63 51 63 51 63
? threequarters — — — — 190 276 190 276
? threesuperior — — — — 179 263 179 263
̃ tilde 196 304 247 367 152 230 31 37
? trademark — — 170 252 153 231 146 222
2 two 50 62 50 62 50 62 50 62
? twosuperior — — — — 178 262 178 262
u u 117 165 117 165 117 165 117 165
ú uacute — — 156 234 250 372 250 372
û ucircumflex — — 158 236 251 373 251 373
ü udieresis — — 159 237 252 374 252 374
ù ugrave — — 157 235 249 371 249 371
_ underscore 95 137 95 137 95 137 95 137
v v 118 166 118 166 118 166 118 166
w w 119 167 119 167 119 167 119 167
x x 120 170 120 170 120 170 120 170
y y 121 171 121 171 121 171 121 171
? yacute — — — — 253 375 253 375
ÿ ydieresis — — 216 330 255 377 255 377
¥ yen 165 245 180 264 165 245 165 245
z z 122 172 122 172 122 172 122 172
? zcaron — — — — — — 158 236
0 zero 48 60 48 60 48 60 48 60